0.125 1.01884e+07
0.25 20376849
0.375 30565232
0.5 40753698
0.625 50942098
0.75 61130141
0.875 71212364
1 80374342
1.125 86731852
1.25 89468140
1.375 90435535
1.5 90947234
1.625 91335710
1.75 91667851
1.875 91960655
2 92221315
2.125 92454744
2.25 92664369
2.375 92853716
2.5 93024805
2.625 93180249
2.75 93321993
2.875 93451219
3 93569793
3.125 93678648
3.25 93778804
3.375 93871194
3.5 93956755
3.625 94036001
3.75 94109529
3.875 94177936
4 94241566
4.125 94301186
4.25 94356800
4.375 94409092
4.5 94457896
4.625 94503809
4.75 94547088
4.875 94587824
5 94626274
