0.00000e+00  0.00000e+00  0.00000e+00  0.00000e+00  0.00000e+00  0.00000e+00  0.00000e+00  0.00000e+00  0.00000e+00  0.00000e+00  0.00000e+00  0.00000e+00  0.00000e+00
2.00000e-01 -1.20000e-03 -1.20000e-03  2.40000e-03  0.00000e+00  0.00000e+00  0.00000e+00 -8.09155e+06 -8.08961e+06  1.61782e+07 -1.70440e+03  1.76512e+02 -3.46700e+03
4.00000e-01 -2.40000e-03 -2.40000e-03  4.80000e-03  0.00000e+00  0.00000e+00  0.00000e+00 -1.61826e+07 -1.61788e+07  3.23555e+07 -3.40262e+03  3.51735e+02 -6.92339e+03
6.00000e-01 -3.60000e-03 -3.60000e-03  7.20000e-03  0.00000e+00  0.00000e+00  0.00000e+00 -2.42737e+07 -2.42679e+07  4.85327e+07 -5.09991e+03  5.27222e+02 -1.03772e+04
8.00000e-01 -4.80000e-03 -4.80000e-03  9.60000e-03  0.00000e+00  0.00000e+00  0.00000e+00 -3.23645e+07 -3.23568e+07  6.47091e+07 -6.80275e+03  6.93861e+02 -1.38218e+04
1.00000e+00 -6.00000e-03 -6.00000e-03  1.20000e-02  0.00000e+00  0.00000e+00  0.00000e+00 -4.03032e+07 -4.02922e+07  8.04369e+07 -8.98306e+03 -1.32384e+03 -1.65009e+04
1.20000e+00 -7.20000e-03 -7.20000e-03  1.44000e-02  0.00000e+00  0.00000e+00  0.00000e+00 -4.50212e+07 -4.49993e+07  8.91138e+07 -1.79716e+04 -8.78192e+03 -2.40904e+04
1.40000e+00 -8.40000e-03 -8.40000e-03  1.68000e-02  0.00000e+00  0.00000e+00  0.00000e+00 -4.56348e+07 -4.55953e+07  8.98944e+07 -2.97291e+04 -1.36997e+04 -3.73577e+04
1.60000e+00 -9.60000e-03 -9.60000e-03  1.92000e-02  0.00000e+00  0.00000e+00  0.00000e+00 -4.60372e+07 -4.59807e+07  9.04495e+07 -3.96793e+04 -1.88764e+04 -5.02163e+04
1.80000e+00 -1.08000e-02 -1.08000e-02  2.16000e-02  0.00000e+00  0.00000e+00  0.00000e+00 -4.63539e+07 -4.62803e+07  9.08930e+07 -4.93225e+04 -2.41835e+04 -6.30660e+04
2.00000e+00 -1.20000e-02 -1.20000e-02  2.40000e-02  0.00000e+00  0.00000e+00  0.00000e+00 -4.66070e+07 -4.65164e+07  9.12546e+07 -5.86439e+04 -2.93868e+04 -7.58259e+04
2.20000e+00 -1.32000e-02 -1.32000e-02  2.64000e-02  0.00000e+00  0.00000e+00  0.00000e+00 -4.68118e+07 -4.67047e+07  9.15518e+07 -6.75549e+04 -3.44150e+04 -8.83928e+04
2.40000e+00 -1.44000e-02 -1.44000e-02  2.88000e-02  0.00000e+00  0.00000e+00  0.00000e+00 -4.69795e+07 -4.68564e+07  9.17983e+07 -7.59835e+04 -3.92096e+04 -1.00666e+05
2.60000e+00 -1.56000e-02 -1.56000e-02  3.12000e-02  0.00000e+00  0.00000e+00  0.00000e+00 -4.71179e+07 -4.69795e+07  9.20042e+07 -8.38882e+04 -4.37359e+04 -1.12559e+05
2.80000e+00 -1.68000e-02 -1.68000e-02  3.36000e-02  0.00000e+00  0.00000e+00  0.00000e+00 -4.72334e+07 -4.70804e+07  9.21774e+07 -9.12513e+04 -4.79766e+04 -1.24007e+05
3.00000e+00 -1.80000e-02 -1.80000e-02  3.60000e-02  0.00000e+00  0.00000e+00  0.00000e+00 -4.73304e+07 -4.71636e+07  9.23243e+07 -9.80722e+04 -5.19282e+04 -1.34967e+05
3.20000e+00 -1.92000e-02 -1.92000e-02  3.84000e-02  0.00000e+00  0.00000e+00  0.00000e+00 -4.74127e+07 -4.72327e+07  9.24496e+07 -1.04365e+05 -5.55997e+04 -1.45413e+05
3.40000e+00 -2.04000e-02 -2.04000e-02  4.08000e-02  0.00000e+00  0.00000e+00  0.00000e+00 -4.74830e+07 -4.72906e+07  9.25571e+07 -1.10150e+05 -5.90054e+04 -1.55333e+05
3.60000e+00 -2.16000e-02 -2.16000e-02  4.32000e-02  0.00000e+00  0.00000e+00  0.00000e+00 -4.75435e+07 -4.73393e+07  9.26500e+07 -1.15454e+05 -6.21637e+04 -1.64729e+05
3.80000e+00 -2.28000e-02 -2.28000e-02  4.56000e-02  0.00000e+00  0.00000e+00  0.00000e+00 -4.75960e+07 -4.73805e+07  9.27307e+07 -1.20305e+05 -6.50945e+04 -1.73610e+05
4.00000e+00 -2.40000e-02 -2.40000e-02  4.80000e-02  0.00000e+00  0.00000e+00  0.00000e+00 -4.76417e+07 -4.74156e+07  9.28012e+07 -1.24731e+05 -6.78182e+04 -1.81991e+05
4.20000e+00 -2.52000e-02 -2.52000e-02  5.04000e-02  0.00000e+00  0.00000e+00  0.00000e+00 -4.76819e+07 -4.74457e+07  9.28632e+07 -1.28761e+05 -7.03542e+04 -1.89893e+05
4.40000e+00 -2.64000e-02 -2.64000e-02  5.28000e-02  0.00000e+00  0.00000e+00  0.00000e+00 -4.77174e+07 -4.74716e+07  9.29179e+07 -1.32423e+05 -7.27211e+04 -1.97336e+05
4.60000e+00 -2.76000e-02 -2.76000e-02  5.52000e-02  0.00000e+00  0.00000e+00  0.00000e+00 -4.77489e+07 -4.74940e+07  9.29664e+07 -1.35746e+05 -7.49357e+04 -2.04345e+05
4.80000e+00 -2.88000e-02 -2.88000e-02  5.76000e-02  0.00000e+00  0.00000e+00  0.00000e+00 -4.77772e+07 -4.75135e+07  9.30097e+07 -1.38756e+05 -7.70137e+04 -2.10943e+05
5.00000e+00 -3.00000e-02 -3.00000e-02  6.00000e-02  0.00000e+00  0.00000e+00  0.00000e+00 -4.78025e+07 -4.75305e+07  9.30484e+07 -1.41477e+05 -7.89690e+04 -2.17154e+05
