0.260649011903799 -0.9627133646923559 -0.07242285575904979
0.5409829689456191 0.2077759746506183 -0.8149641536096964
-0.8696888639928578 -0.44614771964152533 0.21117171237047663
-0.0373670258797342 -0.3670828976938716 -0.9294373844415631
0.5330764111780629 -0.8246689413152029 0.1890784944819989
-0.32517613555133085 -0.4060144114220226 -0.8540566600557197
-0.02222162636975548 0.9017067325270147 -0.43177675694383766
0.5670074769272573 -0.34433921463653916 -0.7482867273793363
-0.08196915832017884 0.9810483623394841 -0.1755709766313841
-0.36550509184742797 -0.19348053752183997 -0.9104786155829598
0.11652768769659244 0.2419842310459441 0.9632574577573685
-0.0884090453801644 0.9685418524429867 -0.23261668203565242
0.28263271104994125 0.6150603885036223 -0.7360838737116401
-0.9326139017371097 0.3557047093450479 -0.06087257211946852
-0.3649889150384958 0.9212861091755418 0.13421995730595865
-0.07242153653965278 0.11563368624012749 -0.9906482582893665